


Logger's work start at Tue May 10 19:46:32 2016
Размер: 6
Погрешность: 1e-10
Время на обращение: 805
4	4	2	9	9	7	
1	2	3	6	8	1	
5	4	1	1	3	6	
3	10	1	2	1	9	
2	2	7	10	6	1	
6	9	6	9	9	4	



Logger's work start at Tue May 10 19:46:52 2016
Размер: 6
Погрешность: 1e-10
Время на обращение: 11378
0.999982	0.499989	0.333325	0.249994	0.199995	0.166662	
0.500308	0.333518	0.250137	0.200108	0.166757	0.142935	
0.332265	0.249358	0.199525	0.166291	0.142543	0.124727	
0.250807	0.200487	0.167027	0.143143	0.125238	0.111318	
0.200794	0.167145	0.14321	0.12528	0.111345	0.100203	
0.165824	0.142349	0.124625	0.110813	0.0997514	0.0906932	



Logger's work start at Thu May 12 10:48:13 2016
Размер: 6
Погрешность: 1e-10
Время на обращение: 881
10	1	6	2	2	8	
8	2	1	10	8	7	
9	9	8	3	3	9	
4	1	10	10	7	6	
5	9	8	1	3	7	
1	5	9	8	6	1	



Logger's work start at Thu May 12 10:52:07 2016
Размер: 6
Погрешность: 1e-10
Время на обращение: 1206
5	4	10	8	3	1	
10	9	3	9	7	10	
10	8	2	2	4	9	
4	6	3	1	1	1	
10	8	3	4	1	10	
10	8	5	9	7	7	
